1369587197471
34082
33703
34329
33873
33390
33942
32720
33951
35087
34906
35405
35547
35488
35946
35230
34890
34154
34361
33637
32504
31682
31792
30424
31232
30354
29993
31309
32491
32591
33011
33564
33530
33096
32961
32845
32818
33533
33349
33057
34163
34775
35288
35983
35925
35143
34806
35363
35523
34128
33856
33462
33123
33676
33223
33227
32818
33591
32584
33073
33861
34329
34668
34311
35087
34731
34480
35384
35647
36246
35912
36120
37070
36838
36644
35813
35289
34329
35091
35493
35329
35330
35446
33848
34920
35562
39336
39007
38540
39452
38240
38523
38862
40278
40862
40394
40913
40355
41513
42356
42815
39469
39450
39701
40123
40228
39619
40974
41087
40587
39345
39795
41063
42348
41729
40587
42783
40892
43982
44978
45895
45364
45629
44628
45578
44522
43847
43622
44214
41802
40603
41556
42172
41663
42841
41779
43342
44363
45630
45111
46068
46248
45990
47115
47932
48043
48782
47346
48786
49446
50164
49120
48886
48671
49980
49458
49374
50010
51426
51894
51400
51164
51887
52474
51356
51700
53209
53101
54303
54052
54137
54107
54066
53340
52367
51554
51419
52605
52420
52042
52228
51469
51585
51847
52203
52182
52570
50986
51496
50593
51861
50252
49478
48798
48805
48849
48194
47832
47765
47885
48146
47722
47439
46605
47616
46635
45684
44454
44821
44411
46956
45953
47393
47258
46895
47220
46781
46614
46404
46859
47775
46795
46934
46429
45990
45205
44685
44195
44453
44169
44631
44765
45260
45474
45102
44140
44144
44162
44416
44411
45436
44190
44630
43894
43391
43409
44001
44897
44004
44136
43648
44520
43100
44031
41322
41280
42157
42833
43405
43492
43680
44420
43579
44034
43409
44614
45651
44858
45218
46215
46777
47489
47595
43495
44113
45719
46403
47446
44757
47163
48249
48318
49184
49472
48406
48471
48268
48496
46527
47064
47374
47806
46863
46369
46423
46214
46597
46348
46259
45204
46355
44689
43103
42441
42072
41336
41500
40484
42166
42075
42379
41868
40816
40302
40175
39820
39666
39186
38895
37997
39757
39015
38618
37956
37167
36374
35968
35437
35353
35245
35439
35221
34457
34351
34662
35132
32864
32676
33049
33254
33008
32794
32447
32646
32677
32927
32895
32452
32079
31697
31650
31195
31186
31456
31163
30900
30692
30668
29977
29568
29405
29635
29895
30382
30280
30371
30262
30145
30344
30420
30137
29574
29477
29056
28786
28482
28953
28683
28635
29294
29685
30092
29439
29649
29888
30694
30689
31094
30917
31080
30852
30930
30723
31111
31155
31508
31060
31312
30628
30777
30924
31028
32606
32604
32225
31309
31491
30349
29307
29051
28862
28439
28958
29406
29928
31072
30938
31598
30913
30945
31003
32442
32102
30692
30579
30261
29920
29543
28836
29681
29563
29807
28401
28971
29827
30194
30015
30010
28695
28224
28872
27854
28180
27999
28669
29556
29495
29349
29228
28644
28693
27932
27962
29411
30105
30226
30742
30752
29968
30276
30969
30924
30177
30021
29915
30624
29223
28251
27922
27909
27702
27331
27548
27316
27419
26977
26517
25972
25875
25979
25794
25325
25618
24657
25138
24482
24535
25434
25272
25492
25512
25249
25554
25763
25649
26143
26726
26531
26787
26971
26370
25883
25973
26036
25937
25509
26251
26446
26012
25666
26223
26722
26758
26982
26972
26893
27034
26934
26923
26903
27038
26809
26763
27231
27338
27084
27445
26556
25751
25210
25767
25883
25900
25550
25826
26279
26138
26379
26052
26618
27144
26777
27107
26877
27302
26909
26428
26229
26483
25975
26063
26040
26440
26447
27304
26697
26990
27421
27438
27939
27837
27614
27055
27481
27154
26692
26596
26190
26451
27731
27618
27893
27768
27583
27425
27629
27459
27343
26895
26566
26579
26629
26385
25960
26607
26577
26514
26001
25270
25803
26009
26930
25475
26740
26684
26536
26662
26194
25820
25877
25477
25700
25175
24967
25162
25220
25196
24959
25125
25076
24971
24862
24865
24823
24739
24872
25077
24712
24903
24710
25032
24634
24508
24548
24373
24239
24391
24255
24120
24000
23709
23809
23595
23285
23635
23847
24429
24352
24479
24820
24522
24583
24387
24072
23734
23364
23520
23807
23784
23724
23895
23894
24148
23888
23455
24620
23768
23323
23208
22838
22786
22552
22446
22388
21801
21770
22122
22342
22205
22556
22727
22582
22136
21856
21945
21343
21468
20892
20732
20580
20550
20347
20490
20083
19840
19721
19424
19131
18697
18613
18689
18975
18402
18760
19465
19280
19547
19509
19333
19140
19455
19071
19744
20089
20215
20083
20234
20320
20178
20134
19782
20155
20384
20167
20100
19875
19921
20494
18778
19318
19573
19190
19279
19816
19986
19860
20292
19365
19404
19365
19659
19846
20419
20636
20878
20951
21227
21040
21468
21047
20920
20185
19763
19788
19190
18928
19441
19577
19968
19962
20501
20451
20076
20053
19373
19333
18504
19117
17999
18699
19288
19867
19690
19726
20349
20041
19469
19346
18841
19623
19561
20324
20397
20820
20334
20351
20662
21019
20718
19964
20007
19214
19097
19216
19001
18962
18698
18724
18664
18588
18519
18415
18166
18354
18205
18291
18013
17700
17852
17598
17444
17044
17378
17325
17387
17331
17424
17577
17310
17304
16877
17008
16617
16179
16153
16229
15906
15645
15259
15325
15462
15642
15605
15588
15785
15611
15315
15066
15144
15185
15128
14892
15209
15088
15145
14872
