1369587202288
67666
67800
69776
70199
69965
70353
71047
69231
67839
67946
67670
67324
66254
66719
65578
64705
63401
63646
63316
62099
62435
63104
62474
61925
61894
59463
60715
60823
60811
60761
61228
61297
60527
59953
60205
60770
62176
62888
62198
61462
62156
62364
62891
62807
62987
62720
63149
62716
62234
63278
63934
64004
64222
64297
64515
64481
65020
64084
62257
61677
61933
61445
61461
62025
61790
61693
62257
61537
60873
60280
60311
60437
60178
60311
59505
58683
58842
59350
58616
58021
58271
57731
58118
58042
57305
56899
54477
54917
55486
55848
55611
56977
57364
57428
56611
56864
56857
56385
56044
55618
54116
54247
54668
54740
55238
55197
55915
55718
55400
54542
54052
55347
54057
53343
52987
53730
53157
53510
53730
54290
53445
53172
51643
51037
51522
51795
51719
51759
50692
49941
50251
51075
51256
51314
50610
51813
52184
52994
52918
53714
52532
52559
52300
52570
53096
51953
52648
54548
58410
57514
57219
57359
58125
58206
57353
58730
58832
59583
58968
58424
59157
58682
58303
58751
57970
58218
56513
56607
56008
55469
54718
54743
54859
53582
53298
53959
54871
54116
53031
52570
52922
52880
52898
52367
51411
51255
52230
52127
51595
52038
52222
52116
51605
51819
50966
50052
49369
49827
49404
49616
49448
49478
48358
49269
48570
49173
47846
47545
47029
47545
46423
47063
45314
44606
44718
44559
44232
43844
44553
45627
45222
45802
45517
44840
44980
44450
43749
43888
43506
43860
43912
44827
44825
44344
43496
43319
43394
43426
44048
45165
44518
45427
44567
44488
44083
44205
45513
45470
46062
46463
47094
46513
47425
46425
48326
49001
47774
46799
46446
47186
47387
46913
46813
45999
46843
47129
46478
46679
47390
47547
47229
46695
46249
45837
46714
46825
47008
47047
48164
50062
49660
49012
48977
48587
48878
49358
49896
49537
50386
50517
50408
50021
49864
49988
49362
49061
48776
48173
48001
47669
47545
47062
46386
47000
47162
47085
47008
47965
48086
48106
47823
47159
46895
46954
46927
47310
46685
46770
46604
47385
47278
47197
46995
47315
47053
46938
46000
45663
45216
45221
45071
44689
44127
44219
44647
45328
45303
45653
49554
48444
48858
48416
48799
48202
48685
49980
50958
51189
51413
50478
49634
49593
49691
48863
48859
48546
48706
48550
48551
48266
48127
48075
48609
48077
47777
48012
48062
48163
48522
47704
46386
46227
45449
44791
43694
44480
44839
45439
46540
47162
47319
47375
47004
46486
46844
46715
47081
45869
45883
45380
45218
44847
46006
45962
46263
45578
45852
45359
45575
44986
45407
44854
45127
46345
42522
42375
41241
40601
39956
39234
38372
37884
39416
40217
41441
41863
41608
40761
39935
40684
42341
42474
41774
42118
41399
41174
41128
40043
41082
41268
41009
39489
40546
41805
42113
41607
41326
40200
41003
40149
38925
38964
38603
40469
41749
42708
42785
44028
42815
43400
43370
43523
45036
45960
45943
46849
47253
46713
46787
47714
47781
47418
46802
45924
46554
46087
45805
46192
41679
41515
40832
40833
41202
41824
41244
40610
39176
38808
38387
37419
36644
37161
37273
37993
37664
37495
39132
38872
39043
39285
39428
39743
40201
39932
40424
40474
40355
40786
40822
40587
40083
40023
40175
40229
39938
41113
41185
40938
39847
40689
41330
41379
41758
41747
41360
41604
41272
41373
41525
42188
41747
41597
41592
40705
40607
40780
40657
40970
40697
42156
44467
44492
44453
44546
45217
44509
44235
44923
45844
45517
45071
45178
44530
44999
45371
45259
44467
44628
44083
43652
43639
43912
43100
44283
44702
45260
45690
45839
46428
47029
46879
46370
47760
47159
47302
47266
47184
47934
48396
48028
48367
48498
48190
47452
47460
47690
47540
47171
47170
47118
47236
46733
46664
47860
47769
47957
47019
46971
49445
48876
49642
48400
47731
47697
47881
47755
47530
47616
47211
46391
46820
46113
46133
46231
46540
46544
46597
46798
46695
46275
45972
45690
45833
45937
46161
46163
45855
45912
45765
45711
44883
44024
43963
43525
44400
45548
45648
45404
45381
45417
46154
45535
45226
45826
46624
47467
47909
48093
48705
48242
48178
48290
47738
47829
47602
47705
47936
47605
47398
47591
47307
47275
47015
47070
46428
46329
42070
42288
41756
41629
41188
41454
41690
40849
40583
40974
40909
40808
41243
40885
40335
39784
39649
39403
38075
37398
37104
37104
37264
37178
37033
36941
35963
35910
36375
35782
35174
34798
35496
34987
35257
34789
35384
35678
36178
37186
37915
37768
37393
37804
37413
38479
38836
38828
39072
39110
38050
37920
37803
37081
37568
38263
37926
37811
37168
37358
37418
35642
35640
36267
38015
37872
37282
36518
36487
35063
33885
34325
34141
34425
35172
35828
36535
36881
37082
37641
37874
38647
38849
38921
38358
37346
38228
37302
37137
37666
37715
38582
38633
38276
37625
37142
38093
37491
37268
36192
37165
36263
37500
38365
39428
39179
39410
39930
39585
39866
39735
38652
39331
38730
40705
40703
41061
41234
41136
40893
42131
42307
42675
43019
42842
42423
43525
45780
45617
44262
43861
43872
43550
43857
44024
44136
44171
43684
43512
43525
43701
43217
42173
43064
42992
43775
43658
43935
43435
43810
45469
44396
43584
43282
43663
43397
42249
41929
41397
40912
40774
40751
41281
41979
42315
41788
41557
41902
41505
41203
41230
41288
41711
41167
40850
41515
40871
41357
41329
