1369587203188
1849
1846
1865
1863
1861
1864
1860
1846
1861
1887
1887
1870
1858
1853
1868
1872
1834
1841
1833
1812
1802
1828
1799
1776
1737
1721
1704
1684
1659
1662
1680
1679
1679
1632
1615
1618
1627
1658
1663
1675
1689
1671
1645
1653
1635
1624
1647
1643
1642
1670
1680
1666
1674
1664
1696
1685
1664
1649
1635
1607
1616
1592
1584
1590
1570
1604
1630
1637
1641
1633
1640
1625
1623
1615
1621
1635
1634
1646
1638
1646
1645
1630
1624
1626
1631
1638
1645
1651
1710
1693
1696
1699
1685
1670
1640
1641
1645
1651
1654
1635
1565
1573
1600
1603
1596
1597
1639
1628
1598
1588
1586
1594
1612
1558
1557
1571
1545
1541
1517
1536
1517
1533
1537
1542
1522
1509
1509
1536
1545
1551
1546
1578
1590
1614
1608
1615
1665
1679
1702
1730
1682
1701
1683
1668
1679
1648
1654
1675
1686
1644
1700
1664
1668
1690
1693
1713
1748
1751
1745
1767
1769
1758
1782
1759
1744
1774
1772
1795
1785
1816
1802
1800
1812
1778
1808
1801
1851
1865
1891
1886
1935
1894
1899
1927
1916
1921
1936
1977
2001
2035
2027
2054
2044
2027
2071
2068
2064
2059
2047
2045
2027
2029
1989
1996
1991
2008
1985
1978
1934
1947
1936
2000
2037
1948
1958
1950
1917
1945
1976
1998
2013
2044
2072
2065
2049
2031
2010
2018
2022
2056
2078
2126
2124
2132
2109
2088
2054
2045
2019
2052
2000
2038
1972
1935
1954
1963
1993
2002
2013
1988
1976
1969
2030
2014
2028
2046
2080
2091
2114
2107
2113
2093
2124
2151
2189
2262
2228
2201
2197
2173
2149
2120
2114
2112
2143
2154
2132
2199
2184
2191
2162
2139
2141
2143
2154
2154
2188
2167
2194
2145
2174
2183
2165
2160
2143
2148
2137
2138
2150
2126
2122
2096
2087
2082
2087
2054
2029
2080
2079
2092
2106
2081
2050
2065
2053
2092
2113
2076
2040
2078
2054
2074
2067
2080
2061
2058
2052
2061
2055
2067
2071
2049
2061
2083
2075
2064
2037
2000
1972
1942
1946
1986
1998
1965
1987
1963
1948
1937
1899
1903
1888
1883
1895
1890
1865
1842
1851
1816
1808
1814
1822
1815
1859
1869
1887
1967
1958
1939
1935
1933
1922
1877
1816
1799
1743
1781
1807
1857
1868
1925
1942
1906
1915
1879
1866
1873
1892
1832
1858
1839
1856
1863
1899
1922
1927
1917
1891
1859
1844
1846
1856
1791
1802
1812
1779
1778
1759
1737
1706
1694
1642
1580
1637
1695
1730
1747
1739
1713
1653
1666
1714
1700
1683
1673
1647
1615
1570
1509
1526
1550
1547
1488
1530
1567
1563
1560
1541
1502
1533
1513
1496
1511
1516
1557
1591
1603
1604
1606
1557
1567
1567
1564
1623
1659
1669
1701
1744
1727
1737
1751
1780
1773
1773
1727
1785
1734
1723
1721
1744
1744
1748
1765
1775
1769
1735
1754
1717
1660
1664
1655
1636
1670
1638
1665
1659
1638
1676
1659
1676
1669
1653
1679
1690
1697
1703
1680
1684
1701
1735
1735
1736
1748
1753
1769
1771
1813
1802
1824
1806
1802
1829
1797
1800
1766
1788
1813
1811
1781
1763
1779
1762
1735
1742
1686
1652
1653
1639
1520
1509
1515
1518
1536
1546
1551
1549
1540
1535
1514
1529
1575
1568
1578
1567
1580
1569
1585
1553
1560
1538
1544
1547
1548
1563
1597
1594
1618
1629
1643
1676
1691
1674
1655
1670
1681
1663
1631
1677
1696
1707
1676
1667
1660
1672
1672
1656
1664
1673
1680
1659
1655
1660
1661
1666
1682
1682
1683
1645
1625
1619
1618
1628
1625
1650
1643
1644
1610
1601
1601
1597
1638
1632
1624
1625
1619
1618
1608
1604
1611
1619
1644
1653
1647
1650
1650
1654
1701
1693
1701
1676
1688
1670
1672
1662
1659
1637
1635
1642
1641
1626
1617
1621
1627
1625
1633
1673
1657
1599
1635
1638
1649
1624
1597
1572
1595
1573
1580
1568
1540
1529
1542
1529
1526
1492
1469
1488
1502
1492
1544
1519
1514
1499
1497
1485
1475
1488
1505
1495
1505
1492
1499
1486
1457
1471
1459
1460
1471
1445
1448
1432
1408
1387
1395
1394
1419
1431
1409
1386
1382
1410
1409
1437
1411
1434
1462
1462
1466
1509
1524
1479
1494
1482
1509
1554
1607
1580
1595
1608
1624
1615
1605
1653
1672
1676
1676
1672
1650
1667
1635
1636
1656
1649
1705
1621
1570
1550
1572
1504
1511
1485
1502
1523
1546
1554
1577
1594
1618
1633
1675
1666
1669
1655
1632
1619
1570
1573
1576
1563
1618
1665
1697
1653
1646
1676
1635
1631
1555
1619
1577
1625
1663
1711
1681
1715
1780
1747
1725
1723
1643
1712
1708
1772
1776
1812
1803
1809
1834
1861
1851
1820
1863
1870
1848
1860
1842
1822
1751
1754
1731
1730
1734
1734
1737
1731
1725
1731
1733
1734
1754
1741
1730
1690
1720
1715
1705
1641
1635
1647
1634
1619
1598
1608
1597
1592
1604
1622
1598
1592
1574
1586
1611
1619
1601
1595
1612
1594
1543
1517
1514
1518
1505
1476
1512
1529
1521
1505
