1369587204953
2622
2646
2689
2713
2684
2638
2600
2586
2540
2521
2525
2539
2556
2601
2583
2569
2522
2545
2517
2458
2466
2451
2367
2373
2342
2289
2238
2230
2234
2214
2230
2249
2286
2221
2221
2181
2194
2222
2210
2214
2189
2175
2183
2187
2179
2173
2190
2173
2155
2166
2164
2154
2152
2160
2184
2173
2180
2187
2153
2143
2155
2119
2116
2162
2139
2144
2174
2155
2167
2158
2159
2155
2137
2114
2114
2116
2135
2154
2139
2148
2165
2150
2165
2132
2141
2102
2110
2095
2102
2098
2074
2079
2047
2060
2065
2068
2069
2108
2136
2106
2055
2064
2078
2089
2102
2122
2115
2140
2106
2071
2095
2112
2128
2091
2053
2073
2072
2039
2048
2070
2091
2095
2088
2115
2129
2105
2064
2068
2071
2061
2078
2105
2088
2237
2232
2251
2282
2305
2289
2287
2229
2207
2153
2179
2177
2146
2221
2245
2292
2265
2276
2270
2239
2258
2253
2294
2291
2337
2316
2299
2294
2304
2333
2332
2340
2392
2396
2429
2392
2403
2404
2411
2397
2388
2391
2372
2383
2399
2357
2336
2354
2365
2360
2369
2373
2391
2338
2349
2364
2378
2382
2390
2347
2327
2342
2346
2357
2349
2335
2324
2319
2282
2258
2287
2279
2299
2279
2259
2260
2260
2286
2396
2358
2288
2291
2279
2223
2253
2296
2325
2328
2366
2364
2337
2367
2354
2317
2333
2319
2342
2342
2393
2391
2333
2318
2287
2267
2258
2249
2298
2258
2291
2232
2204
2212
2223
2265
2269
2271
2257
2254
2269
2295
2249
2303
2318
2343
2368
2382
2372
2385
2333
2356
2373
2431
2464
2462
2477
2472
2483
2483
2467
2490
2497
2485
2406
2418
2417
2395
2388
2356
2352
2401
2413
2408
2447
2486
2490
2504
2478
2514
2524
2488
2481
2459
2470
2481
2515
2544
2534
2514
2492
2471
2481
2477
2448
2438
2474
2497
2468
2465
2428
2415
2433
2412
2431
2410
2412
2343
2344
2344
2368
2368
2371
2339
2330
2322
2330
2311
2303
2293
2239
2276
2289
2247
2278
2284
2228
2177
2188
2195
2159
2154
2120
2159
2168
2128
2116
2073
2052
2010
2006
2018
2006
2003
1996
2010
1999
2011
1984
1988
1988
1990
1964
1972
1969
1984
1995
1993
1978
1976
1961
1918
1928
1884
1902
1924
1951
1969
2010
2046
2053
2078
2054
2046
2055
2088
2026
2039
2028
2017
2024
2068
2098
2097
2089
2093
2092
2098
2107
2115
2082
2095
2111
2068
2101
2076
2054
2036
2002
1965
1878
1911
1948
2008
2004
1983
1947
1925
1955
2091
2111
2071
2091
2066
2023
2003
1966
2010
2010
1986
1948
1993
2045
2032
1989
1973
1894
1938
1905
1857
1887
1887
1899
1952
1949
1951
1942
1894
1928
1910
1934
2007
2051
2074
2085
2126
2127
2109
2155
2150
2107
2076
2090
2109
2072
2058
2046
2057
2056
2052
2057
2051
2047
2007
2017
2004
1989
1987
1955
1873
1894
1889
1901
1895
1868
1872
1836
1855
1878
1858
1856
1856
1847
1862
1846
1859
1893
1931
1929
1908
1882
1870
1870
1871
1911
1921
1896
1886
1929
1954
1959
1983
1962
1994
2015
2013
1998
1979
2005
2052
2045
2033
1989
1976
1993
1974
1932
1940
1968
1965
1983
1996
2024
2023
2024
2008
1996
1967
1973
1979
1979
1959
1983
2004
1979
1950
1955
1946
1937
1937
1949
1938
1970
1964
1980
1995
1992
2020
2027
2030
2018
2056
2063
2080
2059
2051
2070
2097
2085
2091
2090
2103
2146
2159
2179
2172
2149
2141
2162
2159
2149
2146
2234
2222
2204
2175
2166
2195
2203
2200
2177
2170
2190
2173
2180
2184
2214
2167
2156
2160
2168
2149
2158
2160
2162
2173
2162
2165
2153
2160
2158
2146
2128
2111
2108
2102
2109
2074
2093
2081
2072
2028
1976
1936
1947
1948
1948
1976
1983
1994
1987
2002
2013
2035
2046
2062
2088
2072
2062
2100
2119
2122
2092
2078
2098
2026
1993
1942
1951
1972
1963
1952
1953
1978
1960
1955
1934
1905
1912
1903
1903
1880
1860
1852
1914
1902
1904
1917
1921
1904
1894
1924
1965
1954
1963
1937
1940
1935
1870
1853
1870
1860
1863
1873
1846
1829
1824
1835
1846
1862
1855
1862
1889
1879
1903
1908
1910
1883
1882
1887
1908
1958
1975
1946
1970
2021
2025
2009
1990
2020
2015
2020
1999
1997
1972
1979
1921
1929
1972
1971
1971
1943
1888
1880
1901
1841
1832
1805
1785
1801
1865
1894
1936
1968
1993
2022
2070
2038
2053
2046
1990
1999
1935
1942
1949
1952
1996
2017
2052
2014
1973
1997
1989
2027
1983
2075
2058
2137
2204
2231
2251
2257
2262
2240
2217
2242
2236
2287
2301
2359
2371
2402
2391
2390
2392
2396
2405
2399
2422
2413
2378
2380
2382
2380
2330
2338
2315
2266
2254
2253
2252
2269
2291
2290
2296
2326
2306
2297
2287
2280
2300
2290
2280
2274
2255
2266
2233
2231
2207
2204
2215
2200
2204
2248
2224
2214
2185
2204
2217
2229
2225
2210
2205
2174
2149
2159
2166
2162
2165
2164
2194
2184
2193
2194
